# 売り手EV 買い手EV 
omega=0 241.5951188583949 283.5083479182974
omega=5 248.73843575172808 277.521458899407


